# min 5mm to max 65mm
47  6  66
47  6  66
47  6  66
47  6  66
47  6  66
47  6  66
47  6  66
47  6  66
47  6  66
47  6  66
57  6  76
57  6  76
57  6  76
57  6  76
57  6  76
57  6  76
57  6  76
57  6  76
57  6  76
57  6  76
67  6  86
67  6  86
67  6  86
67  6  86
67  6  86
67  6  86
67  6  86
67  6  86
67  6  86
67  6  86
77  5  96
77  5  96
77  5  96
77  5  96
77  5  96
77  5  96
77  5  96
77  5  96
77  5  96
77  5  96
87  5  106
87  5  106
87  5  106
87  5  106
87  5  106
87  5  106
87  5  106
87  5  106
87  5  106
87  5  106
97  4  116
97  4  116
97  4  116
97  4  116
97  4  116
97  4  116
97  4  116
97  4  116
97  4  116
97  4  116
117  4  125
117  4  127
117  4  127
117  4  127
117  4  127
117  4  127
117  4  127
117  4  127
117  4  127
117  4  127
119  4  127
119  4  129
119  4  129
119  4  129
119  4  129
119  4  129
119  4  129
119  4  129
119  4  129
119  4  129
50  25  200
50  25  201
50  25  202
50  25  203
50  25  204
55  30  205
55  30  206
55  30  207
55  30  208
60  30  209
60  35  210
60  35  211
60  35  212
60  35  213
65  35  214
65  39  215
65  39  216
65  39  217
65  39  218
65  39  219
65  13  220
65  15  221
68  18  222
68  20  223
68  28  224
68  30  225
69  38  226
69  40  227
69  45  228
69  50  229
69  53  230
69  58  231
69  65  232
69  68  233
69  70  234
52  75  203
45  83  210
40  88  215
37  90  217
35  93  220
32  95  223
22  105  233
20  108  235
15  113  240
12  115  243
10  118  245
0  128  255
3  130  255
5  132  255
10  137  255
18  145  255
23  150  255
25  152  255
28  155  255
35  162  255
43  170  255
48  175  255
50  177  255
53  180  255
60  187  255
73  200  255
75  203  255
78  205  255
80  207  255
88  215  255
90  217  255
93  220  255
98  225  255
100  227  255
105  233  255
113  240  255
115  243  255
118  245  255
123  250  255
125  253  255
128  255  255
128  255  250
128  255  240
128  255  235
128  255  230
128  255  225
128  255  215
128  255  210
128  255  205
128  255  200
128  255  185
128  255  180
128  255  175
128  255  165
128  255  155
128  255  150
128  255  140
128  255  135
135  255  128
140  255  128
145  255  128
150  255  128
165  255  128
170  255  128
175  255  128
185  255  128
195  255  128
200  255  128
210  255  128
215  255  128
225  255  128
235  255  128
240  255  128
245  255  128
255  252  125
255  250  123
255  247  120
255  245  118
255  237  110
255  235  108
255  232  105
255  227  100
255  222  95
255  220  93
255  215  88
255  212  85
255  207  80
255  202  75
255  200  73
255  197  70
255  195  68
255  190  62
255  187  60
255  185  57
255  182  55
255  177  50
255  175  47
255  170  42
255  165  37
255  162  35
255  160  32
255  152  25
255  150  22
255  147  20
255  145  17
255  140  12
255  135  7
255  132  5
255  128  0
252  125  0
247  120  0
242  115  0
240  113  0
237  110  0
230  103  0
227  100  0
225  98  0
222  95  0
215  88  0
212  85  0
210  83  0
205  78  0
200  73  0
197  70  0
192  65  0
190  62  0
187  60  0
180  52  0
177  50  0
175  47  0
172  45  0
167  40  0
162  35  0
160  32  0
155  27  0
152  25  0
147  20  0
142  15  0
140  12  0
137  10  0
135  7  0
